-0.504629595354163 0.682316599272413 -0.937949531361722
1.10087007619233 1.21759758407154 -0.51701052177305
0.561587582439331 -1.0161052056268 1.16025847202015
0.061504433052317 0.621157944417375 -0.545856024690863
1.02323467413424 0.631948698014862 -0.0792083461429922
-1.78161027395331 -0.712061118230004 -0.490717834438724
-1.08600380863104 -1.71233490234499 0.908552493088817
-1.28499537975302 0.48304753847222 -1.20538704909663
0.421291006332486 -1.79099473382208 1.79951153378522
-0.142264930131655 1.26269172221556 -1.13678536920379
-0.425332446605574 -0.311293671890142 0.0979612620129874
-0.754948203665243 -0.933539222548357 0.39116384459249
0.261631106968783 0.294289960122137 -0.0800513449123957
2.0885218645621 -0.71941035080039 1.87294594315187
-1.60020453934311 -0.763926283182708 -0.236289192860616
0.674433563727056 0.89959125282854 -0.344653692093999
-1.11895554132428 -0.785192837330303 0.00451728324048452
0.114017979100606 -0.226727032854593 0.220046299035686
0.0818902318096413 0.58758241667538 -0.569935781626758
-0.49665552409006 -1.73275255103424 1.37771845718681
0.388128621134649 -0.209988841946976 0.440607541025516
-0.916854807656257 -0.898165587947878 0.239733146605208
1.83459056573595 0.635520255437616 0.444796654768852
-1.44708775095555 0.603913912926073 -1.40578361351052
1.07061891480645 0.381848830277236 0.252305002016201
-0.662651756130013 -0.384311873456292 -0.161674936152352
0.881025817478957 0.329243880021459 0.326990616685681
2.15036062963039 -0.720448164127825 1.91845218912685
1.41228860120882 0.174043133050534 0.743176620206485
-1.68562053962413 -0.523081338465503 -0.585289240111103
0.816360340839893 1.00570562564409 -0.414848050376664
1.371434904894 1.13695757226585 -0.173473621860514
-0.477857584559385 -0.141796351247466 -0.104621686713204
1.44821677202671 -0.467876300651445 1.20334340291452
0.733550447956959 2.11998458279319 -1.47344977622687
-0.772370851880923 -0.708060201811963 0.0432894288003828
0.190792998246932 -0.951555519369892 0.967635132751021
-2.02024752462738 0.233845640112579 -1.45221401128309
1.97112697835913 1.27955834218319 -0.0526517514192288
-0.366710362319561 -0.979319617646854 0.696178612778453
0.174663421508309 0.245451823873275 -0.10280680356409
-0.669617154601682 0.989003227315736 -1.31209540286009
1.53563702939213 -0.0170485546030745 0.980511288670994
2.3427256876484 0.375070135554305 0.999137787644526
1.04544639979175 -1.45188554210642 1.84330719644299
0.531852296907998 1.44062132249143 -0.936360914297122
0.606842164206337 -0.120113654861137 0.485833447181252
0.309799160059172 0.970892907064206 -0.768100757078382
0.211683158297346 -0.607659142711583 0.643230197733309
0.445965121691594 -0.714840170280474 0.851915513866573
-1.41912007134727 -0.0225284952929238 -0.707083897271848
1.3330218434477 2.32041301769792 -1.2498525009171
0.517805218264136 0.269065048687128 0.0702480678265921
0.898682817605905 0.64112209925819 -0.14119902313692
0.324019834516638 -0.278634596367891 0.314972072074065
-0.485975434977035 0.69282610103974 -0.868328811109717
-0.682307293478833 1.52529467682505 -1.81986321557119
-0.01558704614028 0.553708624764856 -0.462310482685615
1.70430175010236 -0.0146929199625896 0.986445705580764
-0.539390729658959 1.5150504952609 -1.67285580705651
-0.935972369565703 1.2705651402399 -1.73084703819176
-0.548228824765282 1.7097316759741 -1.88594080060949
-0.271898477834084 0.770950936563588 -0.836050652939454
-1.00550582269762 -0.527840441049885 -0.0930063208760885
-0.861617363026027 -1.36881417761464 0.708622856759776
-0.229198356430181 0.257047452018291 -0.31247130722574
-1.16254461447175 -0.88057628103286 0.0437843960912798
-0.190419010286899 -1.25126701702537 0.965496925304928
-0.00270639948867655 -1.17751828132124 1.04162813905061
0.0167150461928562 -0.397290064058188 0.476876433985152
-0.552256857252366 0.148615544774183 -0.502832509221757
0.833756890943731 0.263754295091461 0.226878943601309
0.983919496636402 -1.37098142418479 1.69629748709185
-0.675277042886668 -0.399262524819927 -0.0659861105871709
0.0602395740616025 1.20377350203343 -1.06297681421598
0.953941448879369 -0.635823158593296 1.05205090060841
0.197563647225769 2.24013136002422 -2.04438488959557
-0.262946014923315 -0.660194246678169 0.506985744770704
-0.0743184326597039 0.0887798471686514 -0.0998284858070298
0.606880914357777 0.76890068043133 -0.486268945066174
-1.94358724139157 -0.181974722406718 -0.885259524405201
0.998938368858756 0.385904403606 0.233507657248425
-0.436904607322335 -0.988040704462556 0.62723762447804
-0.456018658068303 -0.435617407315374 0.148179847377992
-0.117405661944208 -0.901577879836619 0.759605204569643
0.811698525371102 0.00568716785337833 0.458970293485491
0.13830568948337 -0.319975129720169 0.313015094919547
0.673440999785671 -0.414267591900709 0.726179618459664
-0.470599087263603 -0.182297436273079 -0.0962234222816187
-1.26744140583781 -0.507710603027261 -0.332379087320554
-0.266068876037301 -0.725301917684244 0.444624359650313
-0.20371322124005 1.229317804028 -1.2554456906927
-0.583426628839605 1.64277424352546 -1.76182775217176
0.776738462869623 -0.954430147955428 1.33208638450227
1.99143131084231 0.396019047502762 0.747869293277168
-0.148116558290394 0.479986692142004 -0.634629054282167
-0.789360309907545 -0.503587098261048 -0.102151396696389
-0.317318286289551 -0.60282629940425 0.360670847279053
-0.836936682625348 1.75776707574606 -2.03262487382209
1.96343904943155 0.759254191201744 0.503932973189821
-0.611109611203429 0.48286528724195 -0.835896692627941
1.43878062132945 -0.973087320759263 1.66901029212411
1.2412124699524 1.20484215243745 -0.341936235156694
-0.764150504228626 0.0832119168377525 -0.554191989565417
1.0672623423289 0.737740701885732 -0.0481558051614524
-1.65818393297204 -1.17969018701114 -0.0543229731432043
0.0728432183522322 -0.472241582967384 0.462562032158531
0.725213941209012 0.315661387580591 0.134701064930864
-1.0709917456452 0.820922127299522 -1.48211135872562
0.665453251066184 0.0786829301171369 0.265141932424496
-1.46048135836158 0.962555601593854 -1.69358298023358
1.00373249321546 0.100261502911785 0.492171263751344
0.387887060275893 0.117702895524302 0.0694663850703582
-1.01791806663631 -0.377975620137228 -0.307377079442093
0.390926427421198 0.176378961493874 0.0900151452232419
-0.480478543554822 -0.394387666597281 0.0363914980044675
1.15366568342629 0.70242562991998 0.0180768475902045
-1.22714345998857 -0.154300719047031 -0.603619943753024
1.29913030987139 1.31648354852768 -0.476572425710582
-0.0183156305557139 -1.16335327343067 1.01147819074123
1.55906731976904 -1.64773584046264 2.3822405244814
-0.576364948334712 -1.55332046614553 1.09171890648643
-0.256565849836771 -0.571521147832706 0.449069792922397
-2.46471403726796 0.421767093298021 -1.72138622294554
1.71771676318428 -1.49145371959857 2.35818868374177
0.273497561507322 0.653748510201733 -0.393796193772767
0.472519255435249 -0.532050175938375 0.775224208690669
0.307496788933446 1.13023181439766 -0.921961968130417
-0.316774796023098 -0.606276145749701 0.323576744450966
1.04732884651089 0.14976539933838 0.504498539736022
-0.559029805038997 -0.971895865756066 0.555178816643027
0.470786230987258 2.80540277480996 -2.2698014469311
-1.85281749152335 1.05113996821948 -2.10248983587524
-0.570668004706854 -0.18787062785014 -0.21157575909126
-0.698409018655862 0.520350886656884 -0.948961994306864
0.57486468644101 0.816494499215732 -0.260309280098121
0.439809607288825 1.45546006703755 -1.13805025182844
-0.954149537342544 0.361156533096655 -0.898702719014543
0.669217196699562 0.701543714913835 -0.373283432777172
0.889805649146889 -1.31218258539912 1.70280608820561
-1.79034035487329 1.42785993714894 -2.31659320496518
-1.07873347062321 -1.55554381289518 0.649430386549172
2.03322773989859 -0.148514342634939 1.27981607709884
0.956171271160991 0.444174216164248 0.148094204625913
-1.24694747360922 0.016284414659532 -0.862727702551493
0.222309636105097 1.07039901239803 -0.846757697830352
0.586467971979603 1.57552757223182 -1.0186649768724
0.282026347044247 1.82051098880804 -1.40684962842453
0.530375711299385 0.533626456526871 -0.126314844351467
1.06051943934932 -0.606391374187906 1.14788665940473
0.00407613346584425 -0.373820266392267 0.269400794983159
-0.576166203002369 -0.82924096847346 0.378081697945146
0.0999195186818529 0.626908619378845 -0.452827811442692
0.254028916292747 2.94276946665298 -2.40924895719312
-1.07623592433825 -0.3481623840589 -0.315216045733248
-0.214027040862136 -1.256729107267 1.01974403394664
-0.530733059877291 0.85695573806472 -1.09797510374214
-1.04865400870518 -1.34288409366984 0.516033072965761
2.41823963545056 0.49302115524619 0.90012075959807
-0.501014402670371 -0.197956871477908 -0.0302121158511574
-0.969812548225509 -0.640713604281594 -0.0287813178680322
0.025362685062492 0.634335018998377 -0.531463291390703
-0.597590930528379 0.123533001784455 -0.334703147657048
-0.460156237907616 -1.76811074097879 1.28777625226838
-0.348828238000741 -0.452965611266276 0.26666924044256
0.453751450785948 0.384589614934078 -0.143165463751662
-0.590793187582806 -0.30795758040154 -0.00233336429831815
-0.725706367932003 0.837896156627907 -1.11266765876249
-0.470965671139491 -0.410449500566808 0.0810730595512148
2.02294567396996 0.343112436979451 0.866329141553274
0.232076225430547 -0.124723902047284 0.126894832403306
-0.601555676455795 -1.02481996009996 0.550574974178643
1.39637409175167 0.520554741751623 0.343806140785769
0.97514980783938 0.365244740469214 0.24664990043885
-2.76914579112351 0.618813148373394 -2.13317365023968
-0.184925796587673 0.254075747349937 -0.340991432767993
0.274450604729033 -0.295551833277379 0.462434682060907
2.35424972267398 -0.252823960956715 1.5795987961772
0.244480904658394 1.03807912663818 -0.799570787700456
2.01533412569959 1.0365811489626 0.248801724904649
-1.09094123912561 -0.597082619293662 -0.235896400418786
-1.0360173648547 0.546897188897847 -1.06688928628977
0.331336946591786 -2.11246981407325 2.09485271535498
-0.363253838762628 -0.0833353896545116 -0.0251816203201315
0.545446603343123 -0.107115071930446 0.445564367827774
0.210406874383165 1.70271614618085 -1.47335110161133
0.658168158306776 2.36809278145177 -1.74027049978559
-0.211782913280665 -1.55279349666662 1.3553729841919
0.288540359355032 -0.0128855004838275 0.195500915020984
-0.962223661025388 -0.0566930280935581 -0.426360680009379
1.1946236034965 1.41632637873662 -0.51694378553112
-1.14225806333143 0.0858598450099543 -0.850967486943794
0.946970355038609 0.347833715206883 0.240769847869259
-2.89315743453544 -0.843061212422194 -0.919481295247832
-1.27393521784062 0.00457807226758112 -0.777451377697955
0.275172925957911 -0.251919372927553 0.360238264755708
1.16916126478146 0.264058824358286 0.485317744057659
0.914451409473043 0.208234058922773 0.27179739050271
0.168522517089364 1.51981411314096 -1.19713385024632
-1.24223176635185 0.0149004414429342 -0.862469119122128
-0.669699023530309 0.0147405617721799 -0.348581527468607
-2.08333643506527 -2.0457915992535 0.576820357986161
-0.27621388579682 1.15937540578975 -1.27282330823291
-1.02524530371761 -0.706917906067069 0.0660716954179784
-0.763091508584997 -1.10680025343479 0.478035771035286
0.453011054829069 -0.230856655343198 0.47823465196243
0.803290347208584 -1.00395636945241 1.39767891049797
-0.635897970463042 -1.11704388179929 0.608148975046683
-0.962042679791592 0.276726632331392 -0.777597233087554
-0.658905911622731 1.51086930958005 -1.72171725725325
2.06366666128015 1.43256798710483 -0.055163402373701
-0.594917487042134 -1.10296721369277 0.650070304266494
1.12403544518829 0.341849464106505 0.300734808959192
-0.232110756104069 0.900160482474314 -0.867237957538073
0.348536490975261 -1.78562126257146 1.80612230798385
-0.0857476004547046 0.936169104125045 -0.903479054039783
2.5462858148771 -0.407660305673048 1.81466419602026
0.929555421421178 -0.440539536429452 0.92642312574164
0.628227113560416 -0.594145902258141 0.874293927228896
0.21048552923188 1.80860769244652 -1.51319753300677
0.669828220442946 1.55586668053548 -1.06601035971756
-0.381425393689875 -0.827672117030323 0.524602601027447
0.481819067714534 0.00585281768222026 0.262537733228119
-1.10959837473549 0.397899845493844 -1.01666707807329
0.167882247740664 0.373966568120251 -0.253655010900365
2.48125470161826 1.21491254408164 0.42561294790116
-0.935900696897942 -0.315357880535123 -0.236615394565296
2.35891152992727 -0.113989575346837 1.49112322589134
-1.22127892693756 -0.0716433915588477 -0.621763210739403
0.0443253398936722 0.93232079872093 -0.828304466956459
0.098639181650312 0.303895062330762 -0.180652141358931
1.11506193191306 0.164557617742621 0.530828481788941
-1.44067979876894 0.389941065874809 -1.26259658036548
2.95948846761518 0.652786748146924 1.14089714912235
-0.853082482311626 1.07867220709715 -1.54525177865362
-0.35088998019809 0.270904323872653 -0.401585964978811
2.54818942864485 -0.506475822968015 1.90976443950789
1.21947805124782 0.150603201805977 0.596320773148774
-1.17928886839243 -1.06342722425168 0.272980171514734
0.346877876557019 -0.40330762881058 0.37568228501135
0.688410353643297 0.615823754775489 -0.168143264259907
-0.989524181794081 1.06965062093349 -1.4859299948677
2.37592438450267 -0.879394736831002 2.20122725443947
1.67268782375328 -0.873945473578272 1.76567638478294
0.909143835994937 -0.241084238194163 0.788932164657046
0.0660331973588288 0.531326433402895 -0.591300688596752
-0.923299483342334 0.00488402901760643 -0.566223756339215
0.533718957958425 -0.846518530581957 1.05167673440886
-0.400218496035541 0.133729963712732 -0.393746858216607
0.168042587534177 -0.593553058495783 0.652008285938611
0.177608553813362 0.994132101818004 -0.817357746170915
0.345756280331211 -0.704523132059319 0.751685315625692
-0.262730809770352 0.970530411665649 -1.01571269512162
-0.534692295925643 -0.0568612031951474 -0.252449367210433
0.352066253914754 -2.096009130177 2.08368925383908
0.787979057963658 -1.597720423935 1.83524534842902
-0.251346565476304 1.08241630728877 -1.24797167175015
-0.501653990330312 1.70179564123139 -1.90895694741862
-1.17836765750312 1.13555881253068 -1.6680491530195
-0.0172171639015051 -0.889292767870027 0.655448987013957
-2.33011073976038 -0.127911863288918 -1.33453411361801
-1.21091476929985 0.556275414090299 -1.23002416726815
-1.21965141729978 -0.656223444943094 -0.127289021133339
-2.14066882135766 -1.53985623916891 0.0577354837049975
0.768043954516932 0.664350880771412 -0.237746863705808
0.343468549755931 0.305060048179118 -0.113122152904439
-0.806353875010101 0.0753550557261337 -0.543216830284286
-0.349088616599002 0.396135448032355 -0.542245949993072
1.42211842695639 -0.181619401906631 0.916822077667225
0.350736360209483 1.2099785777563 -0.865547835969636
-0.649153519215584 0.744300759505657 -1.05188229267485
0.305485933336348 0.392584351707227 -0.234157820626897
-0.556117488842864 -0.59487211565079 0.233460562303169
-1.08611262637487 -0.167335127792524 -0.422474819258982
2.24423246237357 -0.150939124178018 1.41080639444052
1.09578630694724 -0.578188479273042 1.19199170189114
1.95394327911229 -0.235322933971228 1.29236128195104
1.78557401273305 0.410611252141151 0.634280136190772
-0.0503477153483529 1.11494058169378 -0.977078387332448
-0.413725033308608 -0.770924602517612 0.332509982022066
0.111795835646875 -0.23133104366382 0.29846500344394
-0.607327453099629 0.246273035741008 -0.627880705957181
-0.591140712938675 1.37015740168846 -1.47653162329128
1.31352340660563 0.8918361821404 -0.0749024732421746
0.385008442134574 1.45880224935607 -1.07524515443257
0.0662012761599519 -0.765711664344475 0.793045330879365
-1.18666441142162 0.831143863360007 -1.5221699692141
-0.290536778906009 -0.0913179674278059 -0.126662778314837
-0.95842478464801 0.373319245610051 -0.896237635128462
2.00775903049043 1.22690589042674 0.123090905012907
-1.54412621831202 -0.946321366856747 -0.081364908472311
-0.0556659739528668 -0.820056973903934 0.664238731158041
0.907455859433473 -1.70975652268448 2.03386762443785
0.0696824490900531 -0.701726415946557 0.736066408345105
1.52160371191477 -0.347131294535735 1.24945938247182
0.357404972797923 -0.425538206248713 0.51628443596058
1.87417421064935 -0.924274217113906 1.87326536744414
0.156347113090413 1.49015908091666 -1.27433581843122
-0.89481494203681 1.22041913813802 -1.75012489238198
-0.080116909003308 0.893199142400847 -0.868246688262153
-0.313608162602837 -0.972697992983275 0.635048458687717
-1.56573728842624 -0.92394775522116 -0.129660006120694
-1.1824720374494 0.488080344359685 -1.15380705170766
-1.21804118764067 -2.09309516691979 1.09952769381849
1.11816954755499 1.82635341727429 -0.932878392242239
1.15416183801742 -6.53485133216056e-05 0.677666061493231
-0.984816709227276 0.286579923090201 -0.833936115755096
-0.370749521208871 -1.56369844765087 1.16889030261072
-0.295008403548414 0.94041697832755 -1.02957017013436
0.424477940643151 -0.803455541363349 0.92482600108143
-0.673613513369698 -1.4599124047728 0.794169106877926
-0.280444904408625 0.071864282816122 -0.254574027955413
-1.31275372027971 0.525471233950725 -1.29892883112051
0.820530454065038 0.19783719083983 0.304934743178452
-0.0980536330429121 -1.38133569574634 1.24359216535134
0.936044091030788 -1.46981373163623 1.8773607847621
-0.179458682601509 -1.23939548557391 0.990665234848179
-0.435469657314647 -2.61329210516892 2.07001710838092
-0.352036746251336 0.391252799010465 -0.597232592327203
0.921594985547075 0.844926599413089 -0.259939429163462
-0.769123667482169 1.1636041350025 -1.38452673408112
-0.565038285549862 -0.543315611677407 0.0467989621683103
-0.550278817948099 -0.35024864336988 0.029740243862569
0.364238703852571 -0.104539605286775 0.366223336815744
-1.64224580013536 1.72773898720429 -2.58234226126888
0.314666504245947 0.145116939228472 0.0655221273247007
-0.460574844885019 1.1728120428398 -1.26406583134492
-0.667097809412038 -0.320660662893178 -0.0110166049258016
0.461967945393495 -0.241969452937057 0.464495545484078
1.33758809565175 -0.117476937580164 0.832932858458202
0.237152054753497 1.35260183052443 -1.10950522237713
-0.598463054937637 -0.618730750757164 0.175458128252651
1.00334414740998 -0.207287435198308 0.738759609690941
1.59704183424559 -2.22203938571299 2.99215973218593
2.02053723862758 1.10117923667083 0.235563043744265
0.522621796314061 0.772669881880141 -0.342149363611939
-1.4166591470052 0.333130766775006 -1.24200003184334
2.30673443755788 -1.51847969522755 2.91454340341216
-0.448949380824252 0.948076678286994 -1.14030120197433
-0.363602213808203 2.00656336516448 -2.04500918885804
-1.63119526934805 1.55299108864869 -2.38213340672099
-0.898755394369586 -1.32203562674639 0.639449307888036
1.47300838383381 2.28182846723537 -1.28946327028638
0.674230837503866 0.515939115130796 -0.1792732190471
1.15033916490113 -0.108715797888654 0.719749897063882
0.0194319714623167 0.783459098109164 -0.749182455265016
0.485719431769033 -0.418255097046358 0.521817443919078
0.379490958992932 -0.894856624673351 1.05906389314997
-1.010402786712 0.2085297958441 -0.734224404789853
0.718953596486731 -1.03797455896279 1.37808634872266
0.428809169849156 -1.33620791921502 1.47421183237447
-0.44877311451804 0.97855125374449 -1.18344289472352
0.565572762818096 0.760862327084707 -0.325501267244448
-0.26021700749628 0.694955831467718 -0.865946877520412
-0.786580848992899 0.134047345545491 -0.471582302685294
-0.257504964031415 -0.242063327891765 -0.0226862702392265
-0.299029402599746 -0.689346291658446 0.388803340849664
0.222628768788165 -0.54347042031905 0.603256274200923
0.692770624505288 1.10851174413518 -0.578623739272364
-0.459314889204461 -0.602934448325469 0.254773746016716
0.804753250004864 0.984647607998729 -0.414658337076845
-0.955979339818605 -0.283411899753439 -0.416812914176918
-0.0929622482875689 1.10884087116053 -1.11742623308879
0.0445081691313967 -0.329485756458068 0.40217544770925
-1.1720400202614 -0.439636383901553 -0.240394060119882
0.415670383710333 -1.05831599924698 1.11816496856989
-0.978440126077274 -0.573579879637696 -0.190822042401103
0.607864576520971 0.398655681079093 -0.000996800530722431
-0.303320034542178 -0.530911171086985 0.343852110590209
-0.438129141014586 0.405333314708596 -0.634079420675561
-0.0277172639997334 -1.09684781649683 0.8504210587801
0.720928227981169 -0.787312481233737 1.07795895093851
1.816382689334 1.51429869491043 -0.30776255698332
-1.32405233455268 -1.38357744996946 0.394113309589167
2.66847064915678 -0.300113056070868 1.78418043585854
-0.291702763642601 0.379275053434275 -0.518104071620052
1.40559388876864 -0.412395082864866 1.20053404288616
-0.344175694062472 0.47009798927741 -0.61199602706377
-0.63615792980917 0.0618798173478661 -0.41109302742653
-1.17402042551752 0.634259946522893 -1.22808408665071
-0.521701501815382 0.681258776053461 -0.951294489385567
0.960248209838568 0.485201630326638 0.0907240365466429
-0.478829279040269 -2.38371121584475 1.77833279984334
-0.728543522240551 -0.121955164093625 -0.350375526867042
0.282017181791388 -1.30293336363871 1.37495110751606
-0.540052370830189 -1.22220898776317 0.752126097448262
1.0824731425155 1.27233012298855 -0.526075213181241
-0.227978573785793 1.03805872466768 -0.950692251048654
-0.297768094368758 0.0314510656434629 -0.156876852245797
-0.273467639062432 -0.0948715981109395 -0.142081525059373
0.0779768977561764 -1.13274927925328 1.08322395595552
0.103866512057075 -0.689430936389096 0.69647333478849
0.712471647277568 0.096820483211619 0.297119576533743
-0.270565618077509 1.8737562973697 -1.90114393446087
0.448032031424003 1.83239390260349 -1.47062443033765
1.66774189498173 -0.178127191017048 1.15614456048154
-0.881625146162471 -1.53544371771921 0.80055218721275
0.748933798010127 -1.3579231594638 1.62706531472446
3.51446950522204 -0.0303887823973949 2.10249765151426
-0.355318307842232 0.422935599150762 -0.607131417460446
-0.616023154002896 -0.339952316678281 -0.0561489768155477
-1.04494078450479 -0.431331053100369 -0.171182599570794
1.18091479987359 1.97213981947342 -1.14485141323639
0.0324871422659919 0.22830474193977 -0.187633386367757
-0.764226943049119 -1.49984502760838 0.885650087116785
-0.936767327727681 1.35067655402283 -1.8080012044082
-1.19585702165837 -0.0514242576768379 -0.683988348313125
0.870151225315225 -0.701174461026697 1.08111776450434
-0.437759619325148 -0.426471573775056 0.166462493279746
-0.601306560445697 -0.572209326627626 0.139534866692791
-1.0245276002482 -1.04680709454208 0.28758031270995
1.16700359429179 1.69310133263215 -0.867700892416826
-0.22633894230575 -0.817448202650642 0.588396351798572
-2.10415977943796 0.499943401936571 -1.73059992336174
0.737824951977401 0.856457820671489 -0.291108584345983
2.38676194767482 -0.400826690620816 1.80549311940612
0.346231113197116 -1.38383656322342 1.45147025966802
0.301276109338605 -0.188143003564345 0.296796991058101
0.42014177862151 -1.34457255894628 1.47449092755994
0.09876582847981 -1.31263275601634 1.26021203103216
0.957619182695985 -0.415772946979834 0.998545059741645
-0.488124245935506 -0.466255274244617 0.0378704267917784
0.718765805554661 -0.294855945757654 0.63443343910622
0.479597097228976 0.77550427325277 -0.52388467582763
-1.24137906002194 0.567284962705039 -1.28808910522473
-1.38413916565982 -1.03122208496115 0.0192367760776797
0.157657365597018 -0.141851739277045 0.16116928638536
-1.27282781196194 0.580381589022258 -1.28402853528173
1.90572395421366 2.14954345047843 -0.841941832289732
0.0273669230169911 -0.422160798089734 0.40467079703839
-0.0352410162805779 -0.475123717634902 0.386771261422224
0.58420338057183 0.649713775608729 -0.255791868913355
0.00559920447594675 0.571019778246819 -0.458741910662374
0.666196131562365 -1.43671770602212 1.5504845251493
-0.81588010346625 0.42251693526624 -0.954128454933515
-0.327956578011947 -0.798243435359969 0.507258873141383
1.09495045867579 0.205293289724776 0.543658083150147
-0.0519124969474223 0.399793818740465 -0.480870227489727
-1.72397580736915 -0.899341791927405 -0.204084531359885
-1.26435235550986 0.91886400542194 -1.58540334619403
-1.23453147945073 -0.176078065779806 -0.591069832028687
-1.55527468072631 0.214741160643574 -1.24269967992581
-0.879092949588327 1.37402833376432 -1.78766316536497
0.633233835733784 -0.694881308508785 0.899769747356568
0.87665516523717 0.949140108158097 -0.343297158611344
0.373491584637773 -2.14443628432833 2.14024114649637
-0.463340215887119 0.685700869120649 -0.865176561344878
1.41434213233309 -1.4096270258129 2.08266545010379
0.65282310002945 0.564340103595464 -0.232549677760935
-0.526279638605735 -1.28839340357953 0.878533121071169
0.4418566426319 -1.54466358949163 1.62881052272574
-0.347441458509269 -1.58064914833197 1.30683547466734
0.127951333772394 1.36148038599157 -1.08148473677538
0.498597647211514 0.125307286902589 0.0892885525391112
-0.617151630509961 0.792292536009494 -1.14948527446741
-0.320110681437585 1.17535923187747 -1.16072686178909
0.167604932583166 -0.128101140803304 0.191674027632835
-0.443838112947609 0.169382801105632 -0.543279875803006
0.351833700820873 -0.573888317450198 0.741129081679146
0.979160180252617 -1.090893125507 1.5314567871572
0.348687493705671 -1.2130856533108 1.34232382808984
0.0271728564235514 1.14286431592663 -1.10149382115451
-0.117744587641619 -0.331745669118588 0.185698827139581
1.99067575595754 -0.54865730842374 1.64076956115881
-0.0408915075495836 -1.09629084416761 0.892377721268764
-0.841492695555075 -1.08033329827395 0.439927218655095
0.485181957964454 -0.564135251876933 0.772106947583053
-0.706698364065937 0.219050174905293 -0.609045198864382
0.93808905234966 1.62163403389637 -0.930824403084176
0.280993767162741 -0.304740006491003 0.433187825813012
-0.570162227412934 0.312445780086561 -0.584971355102378
0.505002963691589 -0.763590197392362 1.0071078607869
0.428586868538196 -0.328406504093539 0.460602111998283
1.09546497500114 -0.972090931929417 1.49426589675008
1.15086252473995 -0.549761896753766 0.993039039338249
-0.835448762617754 -0.881966341962534 0.28257144772636
0.811942138252152 0.221567349003778 0.19387517863281
-0.176562522186626 -0.975468801439789 0.805839913836475
-1.29147846314268 -1.47831098307269 0.539429248004414
-0.0691109446148941 2.17949806146239 -1.96606265854505
-1.05675181970485 0.0567309973531264 -0.710749237989955
-1.54859703351362 -0.189557789298822 -0.762512422612518
-0.547301452608714 -0.362939228951895 -0.0965682865982368
0.168897728585989 0.468573957377315 -0.315636513077935
-0.445737374228205 -0.0780660372058359 -0.191240529158849
-0.839211541972752 0.0718987938878617 -0.579990965363407
-0.159463345019313 0.267498965987731 -0.339125008685746
-0.934937161851017 -0.610388169230592 -0.0157876049112505
-0.0234020366725621 0.647373453453989 -0.550125608381493
-0.600984343885196 1.06776599002284 -1.34061575316692
0.0475492756655905 -1.74784284908998 1.63412315439733
0.887392571211937 -0.321520791245699 0.800388198544174
-0.431231793860128 0.397840891366946 -0.632522968286563
2.38458169991257 1.83696375256858 -0.195512992296671
0.773277429338408 -0.39869712202646 0.784898448510451
-0.436882388151734 -0.132305914431764 -0.121102235670021
1.13916714270496 -0.170294545195657 0.746866134239517
-0.82354443639823 1.59117065465019 -1.89067424147591
0.13303430280324 -1.34739701190966 1.26541104414395
0.74434588092357 0.48369352373229 -0.0211260768648709
